1200000
200000
0
147
0
267
0
107
0
137
0
378
0
57
0
137
0
117
0
77
0
28
0
147
0
517
0
237
0
27
0
600000
0
118
0
408
0
337
0
117
0
379
0
117
0
96
0
77
0
69
0
56
0
88
0
177
0
128
0
97
1200000
0
47
0
47
0
66
0
67
0
58
0
79
0
48
0
57
0
67
0
69
0
47
0
56
0
60
0
47
200000
0
498
0
37
0
27
0
0
28
0
148
0
37
0
67
0
158
0
68
0
17
0
0
108
0
28
0
428
0
417
600000
0
66
0
57
0
0
77
0
348
0
267
0
237
0
78
0
328
0
176
0
305
0
56
0
58
0
318
1200000
0
65
0
67
0
59
0
68
0
77
0
58
0
87
0
77
0
46
0
47
0
68
0
65
0
68
0
48
200000
0
56
0
88
0
198
0
66
0
98
0
438
0
37
0
78
0
77
0
26
0
47
0
77
0
37
0
18
600000
0
106
0
67
0
498
0
97
0
78
0
88
0
78
0
238
0
57
0
68
0
78
0
57
0
97
0
66
