600000
0
87
0
58
0
97
0
76
0
407
0
78
0
168
0
108
0
128
0
107
0
67
0
76
0
86
0
77
0
77
200000
0
55
0
77
0
58
0
286
0
77
0
88
0
38
0
47
0
118
0
228
0
508
0
57
0
38
0
397
0
127
1200000
0
17
0
37
0
18
0
19
0
37
0
19
0
18
0
17
0
28
0
28
0
27
0
17
0
18
0
18
0
37
600000
0
117
0
78
0
97
0
67
0
238
0
58
0
128
0
67
0
88
0
88
0
78
0
87
0
267
0
68
0
97
200000
0
36
0
37
0
107
0
27
0
71
0
36
0
177
0
487
0
57
0
26
0
118
0
88
0
218
0
527
0
78
1200000
0
47
0
37
0
67
0
28
0
37
0
30
0
46
0
27
0
37
0
28
0
29
0
18
0
28
0
17
0
37
600000
0
196
0
437
0
117
0
127
0
137
0
97
0
0
127
0
88
0
66
0
68
0
67
0
46
0
307
0
107
200000
0
68
0
37
0
137
0
117
0
117
0
106
0
66
0
87
0
0
46
0
91
0
457
0
17
0
27
0
38
0
27
1200000
0
117
0
37
0
28
0
17
0
7
0
6
0
27
0
17
0
16
0
27
0
37
0
18
0
8
0
16
0
37
