1200000
600000
0
17
0
38
0
108
0
47
0
728
0
0
460
0
457
0
37
0
267
0
308
0
458
0
86
0
286
0
87
0
37
200000
0
217
0
58
0
0
97
0
448
0
358
0
47
0
177
0
47
0
88
0
27
0
68
0
137
0
18
0
28
1200000
0
56
0
18
0
17
0
18
0
36
0
59
0
27
0
27
0
47
0
17
0
17
0
8
0
8
0
7
0
8
600000
0
77
0
137
0
98
0
0
67
0
47
0
68
0
126
0
67
0
88
0
77
0
48
0
578
0
47
0
209
200000
0
37
0
58
0
918
0
16
0
358
0
0
0
410
0
17
0
0
267
0
37
0
0
0
338
0
57
0
47
0
58
0
0
640
0
18
0
1200000
0
7
0
27
0
0
0
18
0
8
0
17
0
7
0
17
0
8
0
8
0
7
0
17
0
16
0
48
0
17
600000
0
0
0
1011
0
98
0
18
0
48
0
18
0
38
0
403
0
98
0
246
0
167
0
48
0
78
0
46
0
97
0
28
200000
0
48
0
88
0
0
19
0
0
67
0
107
0
48
0
246
0
288
0
18
0
0
838
0
47
0
118
0
118
0
27
0
178
