200000
0
0
19
0
46
0
827
0
417
0
0
17
0
536
0
8
0
0
117
0
408
0
688
0
38
0
258
0
657
0
107
600000
0
17
0
0
37
0
27
0
58
0
36
0
147
0
47
0
127
0
48
0
108
0
48
0
138
0
78
0
98
0
316
1200000
0
38
0
28
0
47
0
28
0
117
0
47
0
56
0
358
0
17
0
37
0
18
0
17
0
27
0
38
0
16
200000
0
0
640
0
38
0
0
0
27
0
548
0
28
0
17
0
77
0
268
0
37
0
299
0
18
0
0
0
0
0
0
57
0
457
0
58
0
1197
600000
0
47
0
238
0
26
0
118
0
47
0
408
0
38
0
137
0
47
0
47
0
37
0
27
0
0
137
0
87
0
48
1200000
0
17
0
77
0
67
0
18
0
158
0
49
0
47
0
117
0
358
0
627
0
47
0
26
0
17
0
37
0
39
200000
0
978
0
57
0
638
0
1028
0
97
0
18
0
648
0
458
0
516
0
58
0
497
0
268
0
728
0
17
0
28
600000
0
387
0
57
0
218
0
37
0
0
77
0
37
0
108
0
48
0
117
0
17
0
47
0
38
0
67
0
249
1200000
0
18
0
26
0
48
0
58
0
49
0
36
0
37
0
57
0
48
0
28
0
36
0
57
0
36
0
17
0
17
